18
0
0
41
112
147
59
151
0
89
0
0
0
52
36
26
20
60
0
0
0
67
41
43
142
0
12
47
57
111
108
0
20
32
62
22
65
0
0
16
63
0
14
63
0
34
42
65
101
67
72
5
0
23
1
88
61
87
0
0
59
92
39
99
120
73
0
121
81
51
44
32
0
0
37
41
81
0
0
0
0
24
77
75
24
57
0
160
0
28
56
8
55
0
2
56
2
19
55
18
1
4
1
4
38
31
1
11
13
0
68
6
0
99
113
8
154
48
34
4
16
4
1
56
0
79
12
22
4
39
48
0
0
11
39
87
0
0
43
175
0
8
25
0
0
5
42
42
42
88
70
